
Round: 0
00000000
00000000
00000000
00000000
00000000
00000000
00000000
00000000

Valid moves for 1:
3, 3
3, 4
4, 3
4, 4

Player 1: 4, 3

After move by Player 1
00000000
00000000
00000000
00010000
00000000
00000000
00000000
00000000


Round: 1
00000000
00000000
00000000
00010000
00000000
00000000
00000000
00000000

Valid moves for 2:
3, 3
3, 4
4, 4

Player 2: 4, 4

After move by Player 2
00000000
00000000
00000000
00012000
00000000
00000000
00000000
00000000


Round: 2
00000000
00000000
00000000
00012000
00000000
00000000
00000000
00000000

Valid moves for 1:
3, 3
3, 4

Player 1: 3, 3

After move by Player 1
00000000
00000000
00000000
00012000
00010000
00000000
00000000
00000000


Round: 3
00000000
00000000
00000000
00012000
00010000
00000000
00000000
00000000

Valid moves for 2:
3, 4

Player 2: 3, 4

After move by Player 2
00000000
00000000
00000000
00012000
00012000
00000000
00000000
00000000


Round: 4
00000000
00000000
00000000
00012000
00012000
00000000
00000000
00000000

Valid moves for 1:
2, 5
3, 5
4, 5
5, 5

Player 1: 4, 5

After move by Player 1
00000000
00000000
00000000
00011100
00012000
00000000
00000000
00000000


Round: 5
00000000
00000000
00000000
00011100
00012000
00000000
00000000
00000000

Valid moves for 2:
3, 2
5, 2
5, 4
5, 6

Player 2: 5, 2

After move by Player 2
00000000
00000000
00200000
00021100
00012000
00000000
00000000
00000000


Round: 6
00000000
00000000
00200000
00021100
00012000
00000000
00000000
00000000

Valid moves for 1:
2, 3
2, 4
3, 5
4, 2
5, 3

Player 1: 5, 3

After move by Player 1
00000000
00000000
00210000
00011100
00012000
00000000
00000000
00000000


Round: 7
00000000
00000000
00210000
00011100
00012000
00000000
00000000
00000000

Valid moves for 2:
3, 2
5, 4
5, 6

Player 2: 5, 4

After move by Player 2
00000000
00000000
00222000
00012100
00012000
00000000
00000000
00000000


Round: 8
00000000
00000000
00222000
00012100
00012000
00000000
00000000
00000000

Valid moves for 1:
2, 3
2, 5
3, 5
5, 5
6, 1
6, 3
6, 5

Player 1: 6, 3

After move by Player 1
00000000
00010000
00211000
00012100
00012000
00000000
00000000
00000000


Round: 9
00000000
00010000
00211000
00012100
00012000
00000000
00000000
00000000

Valid moves for 2:
2, 2
3, 2
4, 2
4, 6
5, 5
5, 6
6, 2
6, 4
7, 4

Player 2: 7, 4

After move by Player 2
00002000
00020000
00211000
00012100
00012000
00000000
00000000
00000000


Round: 10
00002000
00020000
00211000
00012100
00012000
00000000
00000000
00000000

Valid moves for 1:
2, 3
2, 4
2, 5
3, 5
5, 1
5, 5
6, 1
7, 2
7, 3

Player 1: 7, 3

After move by Player 1
00012000
00010000
00211000
00012100
00012000
00000000
00000000
00000000


Round: 11
00012000
00010000
00211000
00012100
00012000
00000000
00000000
00000000

Valid moves for 2:
2, 2
3, 2
4, 2
4, 6
5, 5
5, 6
6, 2
6, 4
7, 2

Player 2: 7, 2

After move by Player 2
00222000
00010000
00211000
00012100
00012000
00000000
00000000
00000000


Round: 12
00222000
00010000
00211000
00012100
00012000
00000000
00000000
00000000

Valid moves for 1:
2, 3
2, 4
2, 5
3, 5
4, 1
5, 1
5, 5
6, 1

Player 1: 5, 5

After move by Player 1
00222000
00010000
00211100
00011100
00012000
00000000
00000000
00000000


Round: 13
00222000
00010000
00211100
00011100
00012000
00000000
00000000
00000000

Valid moves for 2:
2, 3
3, 2
3, 6
5, 6
6, 4

Player 2: 6, 4

After move by Player 2
00222000
00012000
00212100
00012100
00012000
00000000
00000000
00000000


Round: 14
00222000
00012000
00212100
00012100
00012000
00000000
00000000
00000000

Valid moves for 1:
2, 3
2, 5
3, 5
4, 1
5, 1
6, 1
6, 5
7, 5

Player 1: 7, 5

After move by Player 1
00222100
00011000
00212100
00012100
00012000
00000000
00000000
00000000


Round: 15
00222100
00011000
00212100
00012100
00012000
00000000
00000000
00000000

Valid moves for 2:
2, 2
2, 3
3, 2
3, 6
4, 2
4, 6
5, 6
6, 2
6, 6
7, 6

Player 2: 7, 6

After move by Player 2
00222220
00011000
00212100
00012100
00012000
00000000
00000000
00000000


Round: 16
00222220
00011000
00212100
00012100
00012000
00000000
00000000
00000000

Valid moves for 1:
2, 3
2, 4
2, 5
3, 5
4, 1
5, 1
6, 1
6, 5

Player 1: 6, 5

After move by Player 1
00222220
00011100
00211100
00012100
00012000
00000000
00000000
00000000


Round: 17
00222220
00011100
00211100
00012100
00012000
00000000
00000000
00000000

Valid moves for 2:
2, 2
2, 3
3, 2
3, 5
3, 6
4, 2
4, 6
5, 6
6, 2
6, 6

Player 2: 6, 2

After move by Player 2
00222220
00211100
00221100
00012100
00012000
00000000
00000000
00000000


Round: 18
00222220
00211100
00221100
00012100
00012000
00000000
00000000
00000000

Valid moves for 1:
2, 3
2, 4
2, 5
3, 5
4, 1
4, 2
5, 1
6, 1

Player 1: 4, 2

After move by Player 1
00222220
00211100
00211100
00112100
00012000
00000000
00000000
00000000


Round: 19
00222220
00211100
00211100
00112100
00012000
00000000
00000000
00000000

Valid moves for 2:
2, 2
2, 3
3, 1
3, 2
3, 5
3, 6
4, 1
4, 6
5, 6
6, 6

Player 2: 6, 6

After move by Player 2
00222220
00222220
00211200
00112100
00012000
00000000
00000000
00000000


Round: 20
00222220
00222220
00211200
00112100
00012000
00000000
00000000
00000000

Valid moves for 1:
2, 3
2, 4
2, 5
3, 5
5, 1
5, 6
6, 1
7, 1
7, 7

Player 1: 7, 1

After move by Player 1
01222220
00122220
00211200
00112100
00012000
00000000
00000000
00000000


Round: 21
01222220
00122220
00211200
00112100
00012000
00000000
00000000
00000000

Valid moves for 2:
2, 2
2, 3
3, 1
3, 2
3, 5
3, 6
4, 1
4, 6
5, 1
5, 6
6, 1
7, 0

Player 2: 3, 6

After move by Player 2
01222220
00122220
00212200
00112200
00012020
00000000
00000000
00000000


Round: 22
01222220
00122220
00212200
00112200
00012020
00000000
00000000
00000000

Valid moves for 1:
2, 5
3, 5
4, 6
5, 1
5, 6
6, 1
6, 7
7, 7

Player 1: 6, 7

After move by Player 1
01222220
00111111
00212200
00112200
00012020
00000000
00000000
00000000


Round: 23
01222220
00111111
00212200
00112200
00012020
00000000
00000000
00000000

Valid moves for 2:
2, 2
2, 3
3, 1
3, 2
4, 1
5, 1
5, 6
5, 7
7, 0
7, 7

Player 2: 7, 7

After move by Player 2
01222222
00111121
00212200
00112200
00012020
00000000
00000000
00000000


Round: 24
01222222
00111121
00212200
00112200
00012020
00000000
00000000
00000000

Valid moves for 1:
2, 4
2, 5
2, 7
3, 5
4, 1
4, 6
5, 1
5, 6
6, 1

Player 1: 2, 7

After move by Player 1
01222222
00111121
00211200
00112100
00012010
00000001
00000000
00000000


Round: 25
01222222
00111121
00211200
00112100
00012010
00000001
00000000
00000000

Valid moves for 2:
2, 2
2, 3
3, 1
3, 2
3, 5
4, 1
4, 6
5, 1
5, 6
5, 7
6, 1
7, 0

Player 2: 7, 0

After move by Player 2
22222222
00111121
00211200
00112100
00012010
00000001
00000000
00000000


Round: 26
22222222
00111121
00211200
00112100
00012010
00000001
00000000
00000000

Valid moves for 1:
2, 3
2, 4
2, 5
3, 5
4, 1
4, 6
5, 1
5, 6
6, 1

Player 1: 5, 6

After move by Player 1
22222222
00111121
00211110
00112100
00012010
00000001
00000000
00000000


Round: 27
22222222
00111121
00211110
00112100
00012010
00000001
00000000
00000000

Valid moves for 2:
2, 2
2, 3
3, 1
3, 2
3, 5
4, 1
4, 6
4, 7
5, 1
5, 7
6, 1

Player 2: 6, 1

After move by Player 2
22222222
02222221
00211110
00112100
00012010
00000001
00000000
00000000


Round: 28
22222222
02222221
00211110
00112100
00012010
00000001
00000000
00000000

Valid moves for 1:
2, 3
2, 4
2, 5
3, 5
5, 1
6, 0

Player 1: 6, 0

After move by Player 1
22222222
11111111
00211110
00112100
00012010
00000001
00000000
00000000


Round: 29
22222222
11111111
00211110
00112100
00012010
00000001
00000000
00000000

Valid moves for 2:
2, 2
2, 3
3, 1
3, 2
3, 5
4, 1
4, 6
4, 7
5, 0
5, 1
5, 7

Player 2: 5, 0

After move by Player 2
22222222
22111111
20211110
00112100
00012010
00000001
00000000
00000000


Round: 30
22222222
22111111
20211110
00112100
00012010
00000001
00000000
00000000

Valid moves for 1:
2, 3
2, 4
2, 5
3, 5
4, 1
5, 1

Player 1: 2, 3

After move by Player 1
22222222
22111111
20211110
00112100
00011010
00010001
00000000
00000000


Round: 31
22222222
22111111
20211110
00112100
00011010
00010001
00000000
00000000

Valid moves for 2:
1, 3
2, 2
2, 4
2, 5
3, 1
3, 2
3, 5
4, 1
4, 6
4, 7
5, 1
5, 7

Player 2: 1, 3

After move by Player 2
22222222
22121111
20221110
00122100
00021010
00020001
00020000
00000000


Round: 32
22222222
22121111
20221110
00122100
00021010
00020001
00020000
00000000

Valid moves for 1:
1, 2
2, 2
2, 4
3, 2
3, 5
5, 1

Player 1: 1, 2

After move by Player 1
22222222
22121111
20221110
00122100
00021010
00010001
00120000
00000000


Round: 33
22222222
22121111
20221110
00122100
00021010
00010001
00120000
00000000

Valid moves for 2:
1, 1
2, 4
2, 5
3, 1
3, 2
3, 5
4, 1
4, 6
4, 7
5, 1
5, 7

Player 2: 5, 7

After move by Player 2
22222222
22121122
20222222
00122100
00021010
00010001
00120000
00000000


Round: 34
22222222
22121122
20222222
00122100
00021010
00010001
00120000
00000000

Valid moves for 1:
0, 3
1, 4
2, 4
3, 2
3, 5
4, 6
4, 7

Player 1: 3, 5

After move by Player 1
22222222
22121122
20212222
00121100
00021110
00010001
00120000
00000000


Round: 35
22222222
22121122
20212222
00121100
00021110
00010001
00120000
00000000

Valid moves for 2:
0, 1
1, 1
2, 4
2, 5
2, 6
3, 1
3, 2
3, 7
4, 1
4, 6
5, 1

Player 2: 0, 1

After move by Player 2
22222222
22121122
20212222
00121200
00022110
00020001
00220000
02000000


Round: 36
22222222
22121122
20212222
00121200
00022110
00020001
00220000
02000000

Valid moves for 1:
0, 3
2, 2
2, 4
3, 2
4, 6
4, 7
5, 1

Player 1: 0, 3

After move by Player 1
22222222
22121122
20212222
00111200
00012110
00010001
00210000
02010000


Round: 37
22222222
22121122
20212222
00111200
00012110
00010001
00210000
02010000

Valid moves for 2:
1, 4
2, 2
2, 5
2, 6
3, 1
3, 2
3, 7
4, 1
5, 1

Player 2: 3, 2

After move by Player 2
22222222
22121122
20212222
00221200
00222110
00010001
00210000
02010000


Round: 38
22222222
22121122
20212222
00221200
00222110
00010001
00210000
02010000

Valid moves for 1:
1, 1
2, 1
2, 2
2, 4
3, 1
4, 1
4, 6
4, 7
5, 1

Player 1: 2, 4

After move by Player 1
22222222
22121122
20212222
00221200
00221110
00011001
00210000
02010000


Round: 39
22222222
22121122
20212222
00221200
00221110
00011001
00210000
02010000

Valid moves for 2:
1, 4
1, 5
2, 5
2, 6
3, 7
5, 1

Player 2: 2, 6

After move by Player 2
22222222
22221122
20222222
00222200
00221210
00011021
00210000
02010000


Round: 40
22222222
22221122
20222222
00222200
00221210
00011021
00210000
02010000

Valid moves for 1:
1, 1
1, 6
2, 1
2, 5
3, 1
4, 1
4, 6
4, 7
5, 1

Player 1: 1, 6

After move by Player 1
22222222
22221122
20222222
00222200
00221210
00011011
00210010
02010000


Round: 41
22222222
22221122
20222222
00222200
00221210
00011011
00210010
02010000

Valid moves for 2:
0, 2
1, 4
1, 5
1, 7
2, 5
3, 7

Player 2: 3, 7

After move by Player 2
22222222
22221122
20222222
00222200
00221222
00011011
00210010
02010000


Round: 42
22222222
22221122
20222222
00222200
00221222
00011011
00210010
02010000

Valid moves for 1:
1, 1
2, 1
2, 5
3, 1
4, 1
4, 6
4, 7
5, 1

Player 1: 4, 7

After move by Player 1
22222222
22221122
20222212
00222201
00221221
00011011
00210010
02010000


Round: 43
22222222
22221122
20222212
00222201
00221221
00011011
00210010
02010000

Valid moves for 2:
0, 2
0, 6
1, 4
1, 5
1, 7
2, 5
4, 6

Player 2: 4, 6

After move by Player 2
22222222
22221122
20222222
00222221
00221221
00011011
00210010
02010000


Round: 44
22222222
22221122
20222222
00222221
00221221
00011011
00210010
02010000

Valid moves for 1:
1, 1
2, 1
2, 5
3, 1
4, 1
5, 1

Player 1: 1, 1

After move by Player 1
22222222
22221122
20222222
00222221
00221221
00011011
01110010
02010000


Round: 45
22222222
22221122
20222222
00222221
00221221
00011011
01110010
02010000

Valid moves for 2:
0, 2
0, 6
1, 4
1, 5
1, 7
2, 1
2, 5

Player 2: 2, 1

After move by Player 2
22222222
22221122
20222222
00222221
00221221
02011011
02110010
02010000


Round: 46
22222222
22221122
20222222
00222221
00221221
02011011
02110010
02010000

Valid moves for 1:
1, 0
2, 5
3, 0
3, 1
4, 1
5, 1

Player 1: 3, 0

After move by Player 1
22222222
22221122
20222222
00222221
10221221
01011011
02110010
02010000


Round: 47
22222222
22221122
20222222
00222221
10221221
01011011
02110010
02010000

Valid moves for 2:
0, 2
0, 6
1, 0
1, 4
1, 5
1, 7
2, 5
3, 1

Player 2: 3, 1

After move by Player 2
22222222
22221122
20222222
00222221
12221221
02011011
02110010
02010000


Round: 48
22222222
22221122
20222222
00222221
12221221
02011011
02110010
02010000

Valid moves for 1:
1, 0
2, 0
2, 5
4, 1
5, 1

Player 1: 4, 1

After move by Player 1
22222222
22221122
20222222
01111111
12121221
02011011
02110010
02010000


Round: 49
22222222
22221122
20222222
01111111
12121221
02011011
02110010
02010000

Valid moves for 2:
0, 2
0, 6
1, 4
1, 5
1, 7
2, 2
2, 5
5, 1

Player 2: 5, 1

After move by Player 2
22222222
22221122
22222222
02211111
12121221
02011011
02110010
02010000


Round: 50
22222222
22221122
22222222
02211111
12121221
02011011
02110010
02010000

Valid moves for 1:
1, 0
2, 0
2, 2
2, 5
4, 0

Player 1: 2, 0

After move by Player 1
22222222
22221122
22212222
02111111
11121221
12011011
02110010
02010000


Round: 51
22222222
22221122
22212222
02111111
11121221
12011011
02110010
02010000

Valid moves for 2:
0, 2
0, 6
1, 4
1, 5
1, 7
2, 2
2, 5

Player 2: 2, 2

After move by Player 2
22222222
22221122
22212222
02211111
11221221
12211011
02110010
02010000


Round: 52
22222222
22221122
22212222
02211111
11221221
12211011
02110010
02010000

Valid moves for 1:
0, 0
0, 2
1, 0
2, 5
4, 0

Player 1: 1, 0

After move by Player 1
22222222
22221122
22212222
02211111
11121221
11211011
11110010
02010000


Round: 53
22222222
22221122
22212222
02211111
11121221
11211011
11110010
02010000

Valid moves for 2:
0, 0
0, 2
0, 4
0, 6
1, 4
1, 5
1, 7
2, 5
4, 0

Player 2: 4, 0

After move by Player 2
22222222
22221122
22212222
22211111
12121221
11211011
11110010
02010000


Round: 54
22222222
22221122
22212222
22211111
12121221
11211011
11110010
02010000

Valid moves for 1:
2, 5

Player 1: 2, 5

After move by Player 1
22222222
22221122
22212222
22211111
12121111
11211111
11110010
02010000


Round: 55
22222222
22221122
22212222
22211111
12121111
11211111
11110010
02010000

Valid moves for 2:
0, 0
0, 2
0, 4
0, 6
0, 7
1, 4
1, 5
1, 7

Player 2: 1, 4

After move by Player 2
22222222
22221122
22212222
22212111
12222111
11222111
11112010
02010000


Round: 56
22222222
22221122
22212222
22212111
12222111
11222111
11112010
02010000

Valid moves for 1:
0, 4
1, 5

Player 1: 0, 4

After move by Player 1
22222222
22221122
22211222
22211111
12221111
11221111
11111010
02011000


Round: 57
22222222
22221122
22211222
22211111
12221111
11221111
11111010
02011000

Valid moves for 2:
0, 0
0, 2
0, 5
0, 6
0, 7
1, 5
1, 7

Player 2: 0, 6

After move by Player 2
22222222
22221122
22211222
22211121
12221121
11221121
11111020
02011020


Round: 58
22222222
22221122
22211222
22211121
12221121
11221121
11111020
02011020

Valid moves for 1:
0, 5
0, 7
1, 5
1, 7

Player 1: 1, 7

After move by Player 1
22222222
22221122
22211222
22211121
12221121
11221111
11111021
02011020


Round: 59
22222222
22221122
22211222
22211121
12221121
11221111
11111021
02011020

Valid moves for 2:
0, 0
0, 2
0, 5
0, 7
1, 5

Player 2: 1, 5

After move by Player 2
22222222
22221122
22211222
22211221
12221221
11222211
11111221
02011020


Round: 60
22222222
22221122
22211222
22211221
12221221
11222211
11111221
02011020

Valid moves for 1:
0, 5
0, 7

Player 1: 0, 7

After move by Player 1
22222222
22221122
22211222
22211221
12221221
11222111
11111211
02011021


Round: 61
22222222
22221122
22211222
22211221
12221221
11222111
11111211
02011021

Valid moves for 2:
0, 0
0, 2
0, 5

Player 2: 0, 0

After move by Player 2
22222222
22221122
22211222
22211221
22221221
21222111
22111211
22011021


Round: 62
22222222
22221122
22211222
22211221
22221221
21222111
22111211
22011021

Valid moves for 1:
0, 5

Player 1: 0, 5

After move by Player 1
22222222
22221122
22211222
22211221
22221221
21222111
22111111
22011111


Round: 63
22222222
22221122
22211222
22211221
22221221
21222111
22111111
22011111

Valid moves for 2:
0, 2

Player 2: 0, 2

After move by Player 2
22222222
22221122
22211222
22211221
22221221
21222111
22221111
22211111


Round: 64
22222222
22221122
22211222
22211221
22221221
21222111
22221111
22211111

Valid moves for 1:

Player 1 can't move

Round: 64
22222222
22221122
22211222
22211221
22221221
21222111
22221111
22211111

Valid moves for 2:

Player 2 can't move

Black: 22
White: 42

